13700000000
13700000001
13700000002
13700000003
13700000004
13700000005
13700000006
13700000007
13700000008
13700000009
13700000010
13700000011
13700000012
13700000013
13700000014
13700000015
13700000016
13700000017
13700000018
13700000019
13700000020
13700000021
13700000022
13700000023
13700000024
13700000025
13700000026
13700000027
13700000028
13700000029
13700000030
13700000031
13700000032
13700000033
13700000034
13700000035
13700000036
13700000037
13700000038
13700000039
13700000040
13700000041
13700000042
13700000043
13700000044
13700000045
13700000046
13700000047
13700000048
13700000049
13700000050
13700000051
13700000052
13700000053
13700000054
13700000055
13700000056
13700000057
13700000058
13700000059
13700000060